1.Çekiliş 	5 	15 	20 	32 	34 	47 		3 	3 			3 	3 		42 		153 	
2.Çekiliş 	3 	14 	16 	23 	27 	43 		4 	2 			4 	2 		40 		126 	
3.Çekiliş 	6 	22 	26 	31 	38 	44 		1 	5 			2 	4 		38 		167 	
4.Çekiliş 	7 	11 	16 	18 	25 	26 		3 	3 			5 	1 		19 		103 	
5.Çekiliş 	2 	5 	14 	30 	31 	39 		3 	3 			3 	3 		37 		121 	
6.Çekiliş 	2 	14 	24 	25 	30 	36 		1 	5 			4 	2 		34 		131 	
7.Çekiliş 	4 	8 	14 	24 	27 	36 		1 	5 			4 	2 		32 		113 	
8.Çekiliş 	3 	17 	36 	41 	46 	47 		4 	2 			2 	4 		44 		190 	
9.Çekiliş 	4 	15 	16 	18 	27 	41 		3 	3 			4 	2 		37 		121 	
10.Çekiliş 	5 	11 	24 	29 	41 	45 		5 	1 			3 	3 		40 		155 	
11.Çekiliş 	22 	26 	37 	38 	39 	49 		3 	3 			1 	5 		27 		211 	
12.Çekiliş 	13 	22 	33 	38 	39 	40 		3 	3 			2 	4 		27 		185 	
13.Çekiliş 	11 	18 	30 	40 	41 	43 		3 	3 			2 	4 		32 		183 	
14.Çekiliş 	3 	4 	19 	26 	27 	37 		4 	2 			3 	3 		34 		116 	
15.Çekiliş 	14 	28 	32 	38 	41 	45 		2 	4 			1 	5 		31 		198 	
16.Çekiliş 	18 	28 	29 	32 	43 	44 		2 	4 			1 	5 		26 		194 	
17.Çekiliş 	2 	16 	20 	22 	25 	27 		2 	4 			5 	1 		25 		112 	
18.Çekiliş 	11 	15 	21 	33 	37 	38 		5 	1 			3 	3 		27 		155 	
19.Çekiliş 	2 	12 	13 	25 	30 	39 		3 	3 			4 	2 		37 		121 	
20.Çekiliş 	19 	32 	33 	41 	46 	49 		4 	2 			1 	5 		30 		220 	
21.Çekiliş 	1 	2 	18 	19 	23 	45 		4 	2 			5 	1 		44 		108 	
22.Çekiliş 	14 	17 	28 	33 	35 	49 		4 	2 			2 	4 		35 		176 	
23.Çekiliş 	1 	2 	4 	12 	35 	48 		2 	4 			4 	2 		47 		102 	
24.Çekiliş 	3 	5 	10 	22 	23 	31 		4 	2 			5 	1 		28 		94 	
25.Çekiliş 	5 	11 	17 	36 	38 	41 		4 	2 			3 	3 		36 		148 	
26.Çekiliş 	1 	8 	16 	28 	39 	40 		2 	4 			3 	3 		39 		132 	
27.Çekiliş 	15 	20 	23 	30 	39 	47 		4 	2 			3 	3 		32 		174 	
28.Çekiliş 	1 	6 	10 	35 	43 	49 		4 	2 			3 	3 		48 		144 	
29.Çekiliş 	8 	13 	21 	28 	34 	38 		2 	4 			3 	3 		30 		142 	
30.Çekiliş 	14 	21 	27 	35 	42 	46 		3 	3 			2 	4 		32 		185 	
31.Çekiliş 	11 	18 	36 	38 	44 	48 		1 	5 			2 	4 		37 		195 	
32.Çekiliş 	15 	16 	21 	28 	38 	49 		3 	3 			3 	3 		34 		167 	
33.Çekiliş 	8 	13 	23 	25 	38 	40 		3 	3 			4 	2 		32 		147 	
34.Çekiliş 	6 	9 	10 	13 	38 	41 		3 	3 			4 	2 		35 		117 	
35.Çekiliş 	2 	9 	11 	13 	27 	49 		5 	1 			4 	2 		47 		111 	
36.Çekiliş 	7 	21 	22 	30 	33 	39 		4 	2 			3 	3 		32 		152 	
37.Çekiliş 	5 	11 	13 	24 	38 	47 		4 	2 			4 	2 		42 		138 	
38.Çekiliş 	10 	15 	17 	28 	32 	37 		3 	3 			3 	3 		27 		139 	
39.Çekiliş 	8 	16 	20 	28 	36 	45 		1 	5 			3 	3 		37 		153 	
40.Çekiliş 	12 	27 	34 	39 	47 	49 		4 	2 			1 	5 		37 		208 	
41.Çekiliş 	8 	16 	26 	28 	34 	47 		1 	5 			2 	4 		39 		159 	
42.Çekiliş 	5 	20 	27 	29 	32 	46 		3 	3 			2 	4 		41 		159 	
43.Çekiliş 	7 	13 	14 	16 	17 	21 		4 	2 			6 	0 		14 		88 	
44.Çekiliş 	4 	7 	10 	21 	37 	49 		4 	2 			4 	2 		45 		128 	
45.Çekiliş 	7 	27 	30 	33 	38 	46 		3 	3 			1 	5 		39 		181 	
46.Çekiliş 	22 	25 	26 	32 	34 	45 		2 	4 			2 	4 		23 		184 	
47.Çekiliş 	14 	20 	28 	38 	41 	48 		1 	5 			2 	4 		34 		189 	
48.Çekiliş 	3 	15 	32 	36 	38 	45 		3 	3 			2 	4 		42 		169 	
49.Çekiliş 	17 	21 	22 	24 	30 	47 		3 	3 			4 	2 		30 		161 	
50.Çekiliş 	15 	21 	35 	37 	43 	49 		6 	0 			2 	4 		34 		200 	
51.Çekiliş 	1 	13 	16 	19 	33 	35 		5 	1 			4 	2 		34 		117 	
52.Çekiliş 	1 	10 	35 	37 	40 	47 		4 	2 			2 	4 		46 		170 	
53.Çekiliş 	1 	17 	31 	32 	41 	43 		5 	1 			2 	4 		42 		165 	
54.Çekiliş 	5 	13 	15 	27 	31 	32 		5 	1 			3 	3 		27 		123 	
55.Çekiliş 	12 	19 	35 	41 	46 	47 		4 	2 			2 	4 		35 		200 	
56.Çekiliş 	10 	12 	21 	37 	43 	49 		4 	2 			3 	3 		39 		172 	
57.Çekiliş 	8 	14 	21 	37 	39 	41 		4 	2 			3 	3 		33 		160 	
58.Çekiliş 	1 	21 	24 	29 	30 	32 		3 	3 			3 	3 		31 		137 	
59.Çekiliş 	1 	21 	26 	32 	33 	48 		3 	3 			2 	4 		47 		161 	
60.Çekiliş 	13 	20 	25 	28 	31 	35 		4 	2 			3 	3 		22 		152 	
61.Çekiliş 	11 	14 	20 	27 	37 	38 		3 	3 			3 	3 		27 		147 	
62.Çekiliş 	5 	9 	12 	16 	26 	37 		3 	3 			4 	2 		32 		105 	
63.Çekiliş 	7 	14 	19 	34 	41 	42 		3 	3 			3 	3 		35 		157 	
64.Çekiliş 	3 	8 	11 	30 	40 	44 		2 	4 			3 	3 		41 		136 	
65.Çekiliş 	2 	7 	27 	41 	42 	45 		4 	2 			2 	4 		43 		164 	
66.Çekiliş 	19 	23 	28 	30 	39 	45 		4 	2 			2 	4 		26 		184 	
67.Çekiliş 	10 	18 	27 	35 	38 	49 		3 	3 			2 	4 		39 		177 	
68.Çekiliş 	11 	16 	27 	35 	38 	49 		4 	2 			2 	4 		38 		176 	
69.Çekiliş 	3 	8 	15 	35 	40 	49 		4 	2 			3 	3 		46 		150 	
70.Çekiliş 	12 	16 	23 	36 	43 	49 		3 	3 			3 	3 		37 		179 	
71.Çekiliş 	2 	7 	16 	24 	25 	36 		2 	4 			5 	1 		34 		110 	
72.Çekiliş 	6 	8 	9 	20 	25 	34 		2 	4 			5 	1 		28 		102 	
73.Çekiliş 	1 	4 	15 	33 	39 	42 		4 	2 			3 	3 		41 		134 	
74.Çekiliş 	2 	8 	14 	17 	20 	38 		1 	5 			5 	1 		36 		99 	
75.Çekiliş 	1 	20 	22 	35 	39 	47 		4 	2 			3 	3 		46 		164 	
76.Çekiliş 	4 	13 	20 	34 	44 	48 		1 	5 			3 	3 		44 		163 	
77.Çekiliş 	6 	10 	18 	28 	29 	30 		1 	5 			3 	3 		24 		121 	
78.Çekiliş 	5 	9 	20 	28 	35 	40 		3 	3 			3 	3 		35 		137 	
79.Çekiliş 	13 	16 	28 	29 	39 	46 		3 	3 			2 	4 		33 		171 	
80.Çekiliş 	8 	15 	17 	35 	36 	44 		3 	3 			3 	3 		36 		155 	
81.Çekiliş 	9 	11 	12 	13 	37 	47 		5 	1 			4 	2 		38 		129 	
82.Çekiliş 	2 	7 	16 	17 	27 	29 		4 	2 			4 	2 		27 		98 	
83.Çekiliş 	1 	4 	17 	20 	23 	43 		4 	2 			5 	1 		42 		108 	
84.Çekiliş 	6 	16 	26 	44 	46 	48 		0 	6 			2 	4 		42 		186 	
85.Çekiliş 	11 	15 	33 	40 	45 	48 		4 	2 			2 	4 		37 		192 	
86.Çekiliş 	9 	14 	16 	22 	27 	48 		2 	4 			4 	2 		39 		136 	
87.Çekiliş 	20 	22 	24 	29 	34 	41 		2 	4 			3 	3 		21 		170 	
88.Çekiliş 	2 	3 	13 	19 	22 	37 		4 	2 			5 	1 		35 		96 	
89.Çekiliş 	5 	24 	41 	43 	45 	47 		5 	1 			2 	4 		42 		205 	
90.Çekiliş 	2 	10 	35 	36 	38 	41 		2 	4 			2 	4 		39 		162 	
91.Çekiliş 	3 	4 	5 	10 	16 	20 		2 	4 			6 	0 		17 		58 	
92.Çekiliş 	6 	21 	29 	38 	40 	47 		3 	3 			2 	4 		41 		181 	
93.Çekiliş 	5 	17 	18 	39 	42 	46 		3 	3 			3 	3 		41 		167 	
94.Çekiliş 	20 	23 	37 	39 	41 	42 		4 	2 			2 	4 		22 		202 	
95.Çekiliş 	7 	29 	36 	38 	41 	42 		3 	3 			1 	5 		35 		193 	
96.Çekiliş 	23 	27 	28 	30 	35 	39 		4 	2 			1 	5 		16 		182 	
97.Çekiliş 	19 	23 	25 	40 	41 	44 		4 	2 			3 	3 		25 		192 	
98.Çekiliş 	3 	12 	22 	23 	25 	29 		4 	2 			5 	1 		26 		114 	
99.Çekiliş 	8 	13 	20 	32 	37 	42 		2 	4 			3 	3 		34 		152 	
100.Çekiliş 	5 	10 	14 	15 	25 	40 		3 	3 			5 	1 		35 		109 	
101.Çekiliş 	9 	12 	19 	22 	24 	32 		2 	4 			5 	1 		23 		118 	
102.Çekiliş 	5 	10 	20 	27 	31 	40 		3 	3 			3 	3 		35 		133 	
103.Çekiliş 	17 	19 	30 	43 	45 	48 		4 	2 			2 	4 		31 		202 	
104.Çekiliş 	4 	20 	22 	35 	38 	48 		1 	5 			3 	3 		44 		167 	
105.Çekiliş 	7 	11 	15 	17 	21 	26 		5 	1 			5 	1 		19 		97 	
106.Çekiliş 	8 	11 	24 	36 	43 	44 		2 	4 			3 	3 		36 		166 	
107.Çekiliş 	5 	8 	11 	25 	34 	48 		3 	3 			4 	2 		43 		131 	
108.Çekiliş 	8 	19 	20 	27 	32 	33 		3 	3 			3 	3 		25 		139 	
109.Çekiliş 	4 	5 	14 	32 	35 	46 		2 	4 			3 	3 		42 		136 	
110.Çekiliş 	1 	17 	25 	26 	28 	46 		3 	3 			3 	3 		45 		143 	
111.Çekiliş 	1 	3 	7 	39 	46 	49 		5 	1 			3 	3 		48 		145 	
112.Çekiliş 	7 	9 	16 	22 	40 	46 		2 	4 			4 	2 		39 		140 	
113.Çekiliş 	14 	20 	21 	23 	28 	44 		2 	4 			4 	2 		30 		150 	
114.Çekiliş 	20 	22 	24 	34 	41 	49 		2 	4 			3 	3 		29 		190 	
115.Çekiliş 	14 	32 	33 	34 	35 	47 		3 	3 			1 	5 		33 		195 	
116.Çekiliş 	1 	13 	15 	28 	41 	42 		4 	2 			3 	3 		41 		140 	
117.Çekiliş 	11 	15 	19 	24 	28 	39 		4 	2 			4 	2 		28 		136 	
118.Çekiliş 	3 	5 	7 	19 	38 	41 		5 	1 			4 	2 		38 		113 	
119.Çekiliş 	12 	13 	30 	31 	41 	48 		3 	3 			2 	4 		36 		175 	
120.Çekiliş 	7 	10 	19 	25 	32 	34 		3 	3 			4 	2 		27 		127 	
121.Çekiliş 	18 	25 	29 	34 	38 	42 		2 	4 			2 	4 		24 		186 	
122.Çekiliş 	2 	19 	27 	28 	33 	48 		3 	3 			2 	4 		46 		157 	
123.Çekiliş 	3 	9 	26 	42 	46 	48 		2 	4 			2 	4 		45 		174 	
124.Çekiliş 	9 	29 	32 	33 	43 	49 		5 	1 			1 	5 		40 		195 	
125.Çekiliş 	1 	9 	10 	23 	30 	48 		3 	3 			4 	2 		47 		121 	
126.Çekiliş 	8 	9 	10 	24 	32 	33 		2 	4 			4 	2 		25 		116 	
127.Çekiliş 	1 	9 	17 	23 	43 	47 		6 	0 			4 	2 		46 		140 	
128.Çekiliş 	5 	9 	11 	31 	35 	37 		6 	0 			3 	3 		32 		128 	
129.Çekiliş 	2 	5 	6 	32 	44 	49 		2 	4 			3 	3 		47 		138 	
130.Çekiliş 	14 	15 	26 	32 	45 	46 		2 	4 			2 	4 		32 		178 	
131.Çekiliş 	6 	18 	26 	33 	34 	41 		2 	4 			2 	4 		35 		158 	
132.Çekiliş 	7 	14 	15 	26 	37 	48 		3 	3 			3 	3 		41 		147 	
133.Çekiliş 	2 	10 	13 	26 	33 	47 		3 	3 			3 	3 		45 		131 	
134.Çekiliş 	4 	9 	12 	14 	38 	43 		2 	4 			4 	2 		39 		120 	
135.Çekiliş 	27 	29 	35 	39 	42 	45 		5 	1 			0 	6 		18 		217 	
136.Çekiliş 	12 	39 	40 	41 	42 	45 		3 	3 			1 	5 		33 		219 	
137.Çekiliş 	17 	25 	29 	31 	33 	46 		5 	1 			2 	4 		29 		181 	
138.Çekiliş 	24 	26 	27 	38 	40 	48 		1 	5 			1 	5 		24 		203 	
139.Çekiliş 	6 	8 	17 	32 	36 	46 		1 	5 			3 	3 		40 		145 	
140.Çekiliş 	17 	27 	30 	38 	40 	44 		2 	4 			1 	5 		27 		196 	
141.Çekiliş 	6 	7 	12 	17 	20 	47 		3 	3 			5 	1 		41 		109 	
142.Çekiliş 	4 	10 	16 	18 	19 	35 		2 	4 			5 	1 		31 		102 	
143.Çekiliş 	8 	12 	13 	21 	25 	47 		4 	2 			5 	1 		39 		126 	
144.Çekiliş 	19 	27 	29 	32 	36 	48 		3 	3 			1 	5 		29 		191 	
145.Çekiliş 	7 	12 	17 	20 	28 	38 		2 	4 			4 	2 		31 		122 	
146.Çekiliş 	3 	9 	12 	15 	39 	44 		4 	2 			4 	2 		41 		122 	
147.Çekiliş 	2 	18 	20 	23 	26 	44 		1 	5 			4 	2 		42 		133 	
148.Çekiliş 	4 	28 	31 	39 	41 	42 		3 	3 			1 	5 		38 		185 	
149.Çekiliş 	2 	6 	7 	14 	39 	46 		2 	4 			4 	2 		44 		114 	
150.Çekiliş 	6 	12 	24 	32 	33 	44 		1 	5 			3 	3 		38 		151 	
151.Çekiliş 	3 	7 	28 	32 	46 	47 		3 	3 			2 	4 		44 		163 	
152.Çekiliş 	10 	16 	25 	27 	29 	49 		4 	2 			3 	3 		39 		156 	
153.Çekiliş 	5 	19 	24 	26 	29 	40 		3 	3 			3 	3 		35 		143 	
154.Çekiliş 	6 	9 	13 	17 	18 	30 		3 	3 			5 	1 		24 		93 	
155.Çekiliş 	6 	14 	17 	21 	22 	46 		2 	4 			5 	1 		40 		126 	
156.Çekiliş 	7 	15 	16 	21 	22 	26 		3 	3 			5 	1 		19 		107 	
157.Çekiliş 	19 	20 	26 	28 	31 	46 		2 	4 			2 	4 		27 		170 	
158.Çekiliş 	9 	11 	14 	31 	40 	45 		4 	2 			3 	3 		36 		150 	
159.Çekiliş 	1 	6 	14 	27 	39 	49 		4 	2 			3 	3 		48 		136 	
160.Çekiliş 	13 	21 	26 	27 	33 	47 		5 	1 			2 	4 		34 		167 	
161.Çekiliş 	8 	12 	15 	17 	27 	31 		4 	2 			4 	2 		23 		110 	
162.Çekiliş 	22 	23 	24 	25 	40 	47 		3 	3 			4 	2 		25 		181 	
163.Çekiliş 	2 	7 	18 	22 	36 	37 		2 	4 			4 	2 		35 		122 	
164.Çekiliş 	3 	5 	6 	15 	41 	49 		5 	1 			4 	2 		46 		119 	
165.Çekiliş 	5 	11 	14 	23 	26 	44 		3 	3 			4 	2 		39 		123 	
166.Çekiliş 	6 	19 	31 	36 	40 	45 		3 	3 			2 	4 		39 		177 	
167.Çekiliş 	1 	3 	13 	15 	26 	45 		5 	1 			4 	2 		44 		103 	
168.Çekiliş 	6 	9 	16 	17 	34 	48 		2 	4 			4 	2 		42 		130 	
169.Çekiliş 	3 	5 	34 	42 	47 	48 		3 	3 			2 	4 		45 		179 	
170.Çekiliş 	4 	7 	17 	20 	41 	46 		3 	3 			4 	2 		42 		135 	
171.Çekiliş 	4 	6 	8 	14 	27 	38 		1 	5 			4 	2 		34 		97 	
172.Çekiliş 	1 	4 	14 	19 	34 	37 		3 	3 			4 	2 		36 		109 	
173.Çekiliş 	5 	6 	27 	38 	39 	41 		4 	2 			2 	4 		36 		156 	
174.Çekiliş 	21 	24 	26 	27 	39 	43 		4 	2 			2 	4 		22 		180 	
175.Çekiliş 	8 	10 	11 	19 	21 	42 		3 	3 			5 	1 		34 		111 	
176.Çekiliş 	9 	15 	17 	24 	33 	46 		4 	2 			4 	2 		37 		144 	
177.Çekiliş 	1 	14 	19 	32 	40 	46 		2 	4 			3 	3 		45 		152 	
178.Çekiliş 	1 	6 	13 	16 	24 	40 		2 	4 			5 	1 		39 		100 	
179.Çekiliş 	18 	32 	34 	42 	43 	44 		1 	5 			1 	5 		26 		213 	
180.Çekiliş 	2 	17 	20 	29 	30 	35 		3 	3 			3 	3 		33 		133 	
181.Çekiliş 	7 	14 	25 	32 	44 	47 		3 	3 			3 	3 		40 		169 	
182.Çekiliş 	4 	6 	15 	21 	42 	45 		3 	3 			4 	2 		41 		133 	
183.Çekiliş 	6 	8 	10 	14 	22 	36 		0 	6 			5 	1 		30 		96 	
184.Çekiliş 	6 	12 	24 	27 	42 	43 		2 	4 			3 	3 		37 		154 	
185.Çekiliş 	7 	21 	36 	39 	45 	46 		4 	2 			2 	4 		39 		194 	
186.Çekiliş 	7 	9 	15 	18 	44 	46 		3 	3 			4 	2 		39 		139 	
187.Çekiliş 	4 	10 	18 	21 	30 	36 		1 	5 			4 	2 		32 		119 	
188.Çekiliş 	1 	12 	13 	34 	36 	38 		2 	4 			3 	3 		37 		134 	
189.Çekiliş 	4 	6 	11 	16 	21 	23 		3 	3 			6 	0 		19 		81 	
190.Çekiliş 	12 	13 	25 	30 	33 	34 		3 	3 			3 	3 		22 		147 	
191.Çekiliş 	4 	11 	18 	32 	36 	38 		1 	5 			3 	3 		34 		139 	
192.Çekiliş 	9 	11 	23 	30 	39 	45 		5 	1 			3 	3 		36 		157 	
193.Çekiliş 	4 	16 	19 	26 	30 	34 		1 	5 			3 	3 		30 		129 	
194.Çekiliş 	1 	14 	16 	37 	44 	46 		2 	4 			3 	3 		45 		158 	
195.Çekiliş 	4 	19 	21 	28 	29 	36 		3 	3 			3 	3 		32 		137 	
196.Çekiliş 	5 	12 	17 	19 	34 	46 		3 	3 			4 	2 		41 		133 	
197.Çekiliş 	7 	10 	16 	42 	43 	48 		2 	4 			3 	3 		41 		166 	
198.Çekiliş 	12 	17 	20 	24 	34 	44 		1 	5 			4 	2 		32 		151 	
199.Çekiliş 	1 	3 	26 	30 	39 	44 		3 	3 			2 	4 		43 		143 	
200.Çekiliş 	12 	13 	26 	27 	46 	49 		3 	3 			2 	4 		37 		173 	
201.Çekiliş 	2 	11 	22 	32 	39 	40 		2 	4 			3 	3 		38 		146 	
202.Çekiliş 	10 	12 	16 	31 	36 	40 		1 	5 			3 	3 		30 		145 	
203.Çekiliş 	16 	18 	22 	39 	40 	49 		2 	4 			3 	3 		33 		184 	
204.Çekiliş 	1 	6 	16 	30 	31 	44 		2 	4 			3 	3 		43 		128 	
205.Çekiliş 	15 	18 	29 	31 	36 	37 		4 	2 			2 	4 		22 		166 	
206.Çekiliş 	9 	20 	22 	30 	34 	38 		1 	5 			3 	3 		29 		153 	
207.Çekiliş 	7 	11 	13 	15 	25 	31 		6 	0 			5 	1 		24 		102 	
208.Çekiliş 	4 	17 	34 	40 	42 	46 		1 	5 			2 	4 		42 		183 	
209.Çekiliş 	3 	24 	25 	31 	32 	35 		4 	2 			3 	3 		32 		150 	
210.Çekiliş 	2 	4 	10 	30 	39 	49 		2 	4 			3 	3 		47 		134 	
211.Çekiliş 	8 	16 	22 	43 	45 	46 		2 	4 			3 	3 		38 		180 	
212.Çekiliş 	6 	19 	28 	32 	35 	47 		3 	3 			2 	4 		41 		167 	
213.Çekiliş 	14 	15 	16 	25 	27 	29 		4 	2 			4 	2 		15 		126 	
214.Çekiliş 	1 	2 	6 	7 	12 	21 		3 	3 			6 	0 		20 		49 	
215.Çekiliş 	11 	13 	14 	39 	40 	44 		3 	3 			3 	3 		33 		161 	
216.Çekiliş 	7 	8 	18 	23 	33 	42 		3 	3 			4 	2 		35 		131 	
217.Çekiliş 	2 	8 	9 	32 	43 	47 		3 	3 			3 	3 		45 		141 	
218.Çekiliş 	12 	19 	30 	31 	45 	47 		4 	2 			2 	4 		35 		184 	
219.Çekiliş 	3 	8 	10 	12 	30 	46 		1 	5 			4 	2 		43 		109 	
220.Çekiliş 	30 	31 	35 	38 	43 	45 		4 	2 			0 	6 		15 		222 	
221.Çekiliş 	1 	20 	25 	26 	40 	44 		2 	4 			3 	3 		43 		156 	
222.Çekiliş 	1 	3 	16 	35 	38 	49 		4 	2 			3 	3 		48 		142 	
223.Çekiliş 	5 	19 	29 	32 	39 	40 		4 	2 			2 	4 		35 		164 	
224.Çekiliş 	19 	25 	28 	29 	36 	42 		3 	3 			2 	4 		23 		179 	
225.Çekiliş 	1 	6 	8 	13 	31 	43 		4 	2 			4 	2 		42 		102 	
226.Çekiliş 	3 	20 	21 	27 	43 	44 		4 	2 			3 	3 		41 		158 	
227.Çekiliş 	4 	7 	17 	18 	24 	35 		3 	3 			5 	1 		31 		105 	
228.Çekiliş 	1 	8 	14 	18 	29 	42 		2 	4 			4 	2 		41 		112 	
229.Çekiliş 	3 	5 	7 	10 	17 	36 		4 	2 			5 	1 		33 		78 	
230.Çekiliş 	3 	24 	26 	27 	30 	37 		3 	3 			2 	4 		34 		147 	
231.Çekiliş 	2 	5 	7 	13 	27 	31 		5 	1 			4 	2 		29 		85 	
232.Çekiliş 	6 	7 	8 	31 	33 	44 		3 	3 			3 	3 		38 		129 	
233.Çekiliş 	9 	12 	16 	20 	21 	33 		3 	3 			5 	1 		24 		111 	
234.Çekiliş 	6 	7 	18 	34 	42 	48 		1 	5 			3 	3 		42 		155 	
235.Çekiliş 	10 	25 	29 	32 	33 	46 		3 	3 			2 	4 		36 		175 	
236.Çekiliş 	10 	13 	26 	38 	41 	49 		3 	3 			2 	4 		39 		177 	
237.Çekiliş 	11 	16 	20 	28 	45 	49 		3 	3 			3 	3 		38 		169 	
238.Çekiliş 	1 	17 	21 	37 	40 	44 		4 	2 			3 	3 		43 		160 	
239.Çekiliş 	3 	10 	17 	35 	36 	40 		3 	3 			3 	3 		37 		141 	
240.Çekiliş 	8 	12 	17 	27 	28 	44 		2 	4 			3 	3 		36 		136 	
241.Çekiliş 	4 	10 	12 	14 	45 	48 		1 	5 			4 	2 		44 		133 	
242.Çekiliş 	3 	8 	14 	25 	36 	40 		2 	4 			4 	2 		37 		126 	
243.Çekiliş 	4 	18 	28 	36 	38 	39 		1 	5 			2 	4 		35 		163 	
244.Çekiliş 	1 	20 	22 	37 	40 	44 		2 	4 			3 	3 		43 		164 	
245.Çekiliş 	9 	15 	20 	26 	35 	47 		4 	2 			3 	3 		38 		152 	
246.Çekiliş 	14 	19 	23 	31 	34 	36 		3 	3 			3 	3 		22 		157 	
247.Çekiliş 	9 	11 	16 	42 	45 	46 		3 	3 			3 	3 		37 		169 	
248.Çekiliş 	1 	11 	21 	27 	46 	48 		4 	2 			3 	3 		47 		154 	
249.Çekiliş 	8 	17 	37 	39 	45 	47 		5 	1 			2 	4 		39 		193 	
250.Çekiliş 	4 	13 	31 	34 	39 	48 		3 	3 			2 	4 		44 		169 	
251.Çekiliş 	8 	10 	13 	30 	36 	40 		1 	5 			3 	3 		32 		137 	
252.Çekiliş 	8 	11 	18 	19 	27 	32 		3 	3 			4 	2 		24 		115 	
253.Çekiliş 	11 	18 	35 	36 	41 	47 		4 	2 			2 	4 		36 		188 	
254.Çekiliş 	9 	15 	19 	21 	34 	36 		4 	2 			4 	2 		27 		134 	
255.Çekiliş 	8 	15 	16 	24 	28 	49 		2 	4 			4 	2 		41 		140 	
256.Çekiliş 	7 	13 	17 	18 	45 	46 		4 	2 			4 	2 		39 		146 	
257.Çekiliş 	21 	22 	30 	33 	38 	40 		2 	4 			2 	4 		19 		184 	
258.Çekiliş 	3 	8 	18 	36 	40 	47 		2 	4 			3 	3 		44 		152 	
259.Çekiliş 	1 	2 	4 	9 	21 	24 		3 	3 			6 	0 		23 		61 	
260.Çekiliş 	4 	21 	29 	35 	39 	43 		5 	1 			2 	4 		39 		171 	
261.Çekiliş 	4 	10 	13 	38 	41 	46 		2 	4 			3 	3 		42 		152 	
262.Çekiliş 	7 	9 	11 	36 	43 	48 		4 	2 			3 	3 		41 		154 	
263.Çekiliş 	1 	4 	16 	39 	43 	47 		4 	2 			3 	3 		46 		150 	
264.Çekiliş 	9 	13 	20 	23 	28 	43 		4 	2 			4 	2 		34 		136 	
265.Çekiliş 	1 	2 	20 	29 	36 	37 		3 	3 			3 	3 		36 		125 	
266.Çekiliş 	15 	20 	25 	30 	44 	49 		3 	3 			3 	3 		34 		183 	
267.Çekiliş 	21 	22 	27 	39 	46 	48 		3 	3 			2 	4 		27 		203 	
268.Çekiliş 	3 	8 	14 	17 	22 	35 		3 	3 			5 	1 		32 		99 	
269.Çekiliş 	10 	14 	16 	24 	27 	34 		1 	5 			4 	2 		24 		125 	
270.Çekiliş 	2 	5 	8 	15 	29 	45 		4 	2 			4 	2 		43 		104 	
271.Çekiliş 	15 	18 	34 	36 	45 	49 		3 	3 			2 	4 		34 		197 	
272.Çekiliş 	2 	13 	19 	37 	44 	47 		4 	2 			3 	3 		45 		162 	
273.Çekiliş 	1 	8 	20 	30 	36 	38 		1 	5 			3 	3 		37 		133 	
274.Çekiliş 	2 	4 	16 	26 	34 	43 		1 	5 			3 	3 		41 		125 	
275.Çekiliş 	2 	14 	21 	36 	37 	42 		2 	4 			3 	3 		40 		152 	
276.Çekiliş 	22 	23 	41 	43 	44 	48 		3 	3 			2 	4 		26 		221 	
277.Çekiliş 	11 	16 	21 	34 	40 	49 		3 	3 			3 	3 		38 		171 	
278.Çekiliş 	10 	15 	18 	19 	38 	44 		2 	4 			4 	2 		34 		144 	
279.Çekiliş 	9 	27 	40 	41 	45 	49 		5 	1 			1 	5 		40 		211 	
280.Çekiliş 	1 	26 	30 	37 	39 	44 		3 	3 			1 	5 		43 		177 	
281.Çekiliş 	4 	10 	11 	15 	30 	41 		3 	3 			4 	2 		37 		111 	
282.Çekiliş 	12 	21 	25 	27 	34 	38 		3 	3 			3 	3 		26 		157 	
283.Çekiliş 	1 	3 	4 	22 	46 	48 		2 	4 			4 	2 		47 		124 	
284.Çekiliş 	3 	14 	18 	19 	33 	38 		3 	3 			4 	2 		35 		125 	
285.Çekiliş 	3 	36 	40 	41 	43 	49 		4 	2 			1 	5 		46 		212 	
286.Çekiliş 	9 	12 	29 	30 	35 	40 		3 	3 			2 	4 		31 		155 	
287.Çekiliş 	1 	13 	16 	42 	44 	47 		3 	3 			3 	3 		46 		163 	
288.Çekiliş 	5 	25 	28 	31 	38 	40 		3 	3 			2 	4 		35 		167 	
289.Çekiliş 	5 	16 	21 	27 	34 	40 		3 	3 			3 	3 		35 		143 	
290.Çekiliş 	14 	15 	26 	29 	30 	31 		3 	3 			2 	4 		17 		145 	
291.Çekiliş 	4 	19 	27 	29 	38 	44 		3 	3 			2 	4 		40 		161 	
292.Çekiliş 	2 	8 	18 	22 	34 	37 		1 	5 			4 	2 		35 		121 	
293.Çekiliş 	17 	23 	26 	28 	34 	44 		2 	4 			2 	4 		27 		172 	
294.Çekiliş 	8 	18 	21 	32 	44 	48 		1 	5 			3 	3 		40 		171 	
295.Çekiliş 	2 	16 	22 	31 	34 	38 		1 	5 			3 	3 		36 		143 	
296.Çekiliş 	3 	16 	22 	28 	46 	48 		1 	5 			3 	3 		45 		163 	
297.Çekiliş 	14 	16 	23 	24 	26 	39 		2 	4 			4 	2 		25 		142 	
298.Çekiliş 	6 	16 	31 	32 	42 	44 		1 	5 			2 	4 		38 		171 	
299.Çekiliş 	2 	5 	27 	33 	43 	49 		5 	1 			2 	4 		47 		159 	
300.Çekiliş 	11 	12 	35 	36 	41 	48 		3 	3 			2 	4 		37 		183 	
301.Çekiliş 	7 	23 	24 	35 	44 	45 		4 	2 			3 	3 		38 		178 	
302.Çekiliş 	13 	28 	31 	43 	46 	49 		4 	2 			1 	5 		36 		210 	
303.Çekiliş 	3 	8 	26 	28 	39 	48 		2 	4 			2 	4 		45 		152 	
304.Çekiliş 	7 	25 	29 	40 	44 	49 		4 	2 			2 	4 		42 		194 	
305.Çekiliş 	15 	18 	28 	31 	32 	39 		3 	3 			2 	4 		24 		163 	
306.Çekiliş 	7 	16 	31 	38 	45 	47 		4 	2 			2 	4 		40 		184 	
307.Çekiliş 	4 	16 	28 	37 	45 	46 		2 	4 			2 	4 		42 		176 	
308.Çekiliş 	2 	16 	18 	22 	42 	46 		0 	6 			4 	2 		44 		146 	
309.Çekiliş 	12 	13 	18 	38 	41 	46 		2 	4 			3 	3 		34 		168 	
310.Çekiliş 	17 	18 	24 	34 	41 	49 		3 	3 			3 	3 		32 		183 	
311.Çekiliş 	18 	26 	28 	29 	36 	39 		2 	4 			1 	5 		21 		176 	
312.Çekiliş 	2 	5 	24 	28 	34 	46 		1 	5 			3 	3 		44 		139 	
313.Çekiliş 	5 	8 	15 	22 	25 	26 		3 	3 			5 	1 		21 		101 	
314.Çekiliş 	19 	26 	27 	36 	41 	45 		4 	2 			1 	5 		26 		194 	
315.Çekiliş 	8 	12 	17 	25 	37 	42 		3 	3 			4 	2 		34 		141 	
316.Çekiliş 	6 	7 	10 	33 	41 	45 		4 	2 			3 	3 		39 		142 	
317.Çekiliş 	1 	15 	25 	29 	31 	47 		6 	0 			3 	3 		46 		148 	
318.Çekiliş 	1 	5 	10 	17 	24 	32 		3 	3 			5 	1 		31 		89 	
319.Çekiliş 	3 	15 	20 	24 	48 	49 		3 	3 			4 	2 		46 		159 	
320.Çekiliş 	9 	29 	35 	37 	39 	45 		6 	0 			1 	5 		36 		194 	
321.Çekiliş 	12 	19 	21 	24 	33 	45 		4 	2 			4 	2 		33 		154 	
322.Çekiliş 	1 	2 	13 	17 	25 	38 		4 	2 			5 	1 		37 		96 	
323.Çekiliş 	4 	16 	29 	37 	38 	39 		3 	3 			2 	4 		35 		163 	
324.Çekiliş 	7 	29 	31 	32 	39 	47 		5 	1 			1 	5 		40 		185 	
325.Çekiliş 	7 	18 	21 	24 	39 	49 		4 	2 			4 	2 		42 		158 	
326.Çekiliş 	16 	18 	22 	23 	30 	34 		1 	5 			4 	2 		18 		143 	
327.Çekiliş 	10 	11 	12 	22 	25 	35 		3 	3 			5 	1 		25 		115 	
328.Çekiliş 	16 	28 	29 	30 	33 	42 		2 	4 			1 	5 		26 		178 	
329.Çekiliş 	10 	15 	27 	38 	44 	48 		2 	4 			2 	4 		38 		182 	
330.Çekiliş 	15 	16 	23 	39 	45 	47 		5 	1 			3 	3 		32 		185 	
331.Çekiliş 	5 	10 	27 	36 	40 	44 		2 	4 			2 	4 		39 		162 	
332.Çekiliş 	2 	7 	12 	25 	39 	40 		3 	3 			4 	2 		38 		125 	
333.Çekiliş 	23 	24 	29 	32 	43 	45 		4 	2 			2 	4 		22 		196 	
334.Çekiliş 	1 	25 	27 	30 	33 	43 		5 	1 			2 	4 		42 		159 	
335.Çekiliş 	13 	14 	21 	23 	27 	32 		4 	2 			4 	2 		19 		130 	
336.Çekiliş 	1 	21 	36 	40 	44 	46 		2 	4 			2 	4 		45 		188 	
337.Çekiliş 	10 	22 	25 	33 	41 	43 		4 	2 			3 	3 		33 		174 	
338.Çekiliş 	2 	3 	5 	9 	47 	49 		5 	1 			4 	2 		47 		115 	
339.Çekiliş 	3 	8 	23 	29 	33 	36 		4 	2 			3 	3 		33 		132 	
340.Çekiliş 	2 	7 	21 	29 	38 	43 		4 	2 			3 	3 		41 		140 	
341.Çekiliş 	6 	15 	23 	34 	38 	41 		3 	3 			3 	3 		35 		157 	
342.Çekiliş 	1 	8 	11 	14 	41 	42 		3 	3 			4 	2 		41 		117 	
343.Çekiliş 	5 	12 	23 	30 	38 	41 		3 	3 			3 	3 		36 		149 	
344.Çekiliş 	4 	30 	38 	40 	44 	45 		1 	5 			1 	5 		41 		201 	
345.Çekiliş 	2 	25 	30 	38 	41 	49 		3 	3 			2 	4 		47 		185 	
346.Çekiliş 	8 	15 	19 	37 	43 	48 		4 	2 			3 	3 		40 		170 	
347.Çekiliş 	6 	15 	24 	25 	34 	36 		2 	4 			4 	2 		30 		140 	
348.Çekiliş 	8 	28 	30 	42 	43 	48 		1 	5 			1 	5 		40 		199 	
349.Çekiliş 	5 	12 	16 	32 	33 	38 		2 	4 			3 	3 		33 		136 	
350.Çekiliş 	9 	11 	13 	25 	32 	45 		5 	1 			4 	2 		36 		135 	
351.Çekiliş 	3 	10 	15 	18 	47 	48 		3 	3 			4 	2 		45 		141 	
352.Çekiliş 	10 	11 	12 	13 	24 	35 		3 	3 			5 	1 		25 		105 	
353.Çekiliş 	3 	8 	10 	22 	29 	43 		3 	3 			4 	2 		40 		115 	
354.Çekiliş 	11 	13 	14 	18 	33 	38 		3 	3 			4 	2 		27 		127 	
355.Çekiliş 	2 	28 	35 	40 	44 	45 		2 	4 			1 	5 		43 		194 	
356.Çekiliş 	6 	21 	25 	30 	33 	49 		4 	2 			3 	3 		43 		164 	
357.Çekiliş 	10 	12 	15 	16 	41 	46 		2 	4 			4 	2 		36 		140 	
358.Çekiliş 	12 	18 	23 	25 	26 	32 		2 	4 			4 	2 		20 		136 	
359.Çekiliş 	3 	12 	15 	19 	29 	42 		4 	2 			4 	2 		39 		120 	
360.Çekiliş 	4 	12 	16 	18 	21 	38 		1 	5 			5 	1 		34 		109 	
361.Çekiliş 	11 	26 	28 	30 	37 	43 		3 	3 			1 	5 		32 		175 	
362.Çekiliş 	5 	10 	12 	24 	34 	44 		1 	5 			4 	2 		39 		129 	
363.Çekiliş 	6 	10 	19 	21 	36 	41 		3 	3 			4 	2 		35 		133 	
364.Çekiliş 	9 	10 	28 	34 	36 	45 		2 	4 			2 	4 		36 		162 	
365.Çekiliş 	14 	26 	29 	30 	42 	47 		2 	4 			1 	5 		33 		188 	
366.Çekiliş 	9 	16 	36 	45 	46 	49 		3 	3 			2 	4 		40 		201 	
367.Çekiliş 	9 	12 	22 	25 	32 	48 		2 	4 			4 	2 		39 		148 	
368.Çekiliş 	10 	13 	26 	32 	33 	40 		2 	4 			2 	4 		30 		154 	
369.Çekiliş 	2 	9 	10 	20 	35 	38 		2 	4 			4 	2 		36 		114 	
370.Çekiliş 	22 	33 	39 	40 	45 	47 		4 	2 			1 	5 		25 		226 	
371.Çekiliş 	7 	10 	14 	33 	35 	38 		3 	3 			3 	3 		31 		137 	
372.Çekiliş 	3 	6 	12 	13 	21 	22 		3 	3 			6 	0 		19 		77 	
373.Çekiliş 	10 	17 	36 	40 	45 	47 		3 	3 			2 	4 		37 		195 	
374.Çekiliş 	10 	11 	12 	23 	26 	40 		2 	4 			4 	2 		30 		122 	
375.Çekiliş 	1 	3 	6 	12 	21 	27 		4 	2 			5 	1 		26 		70 	
376.Çekiliş 	1 	14 	27 	38 	40 	46 		2 	4 			2 	4 		45 		166 	
377.Çekiliş 	1 	6 	15 	19 	26 	30 		3 	3 			4 	2 		29 		97 	
378.Çekiliş 	3 	11 	20 	33 	38 	46 		3 	3 			3 	3 		43 		151 	
379.Çekiliş 	4 	12 	17 	22 	27 	44 		2 	4 			4 	2 		40 		126 	
380.Çekiliş 	12 	17 	21 	26 	46 	48 		2 	4 			3 	3 		36 		170 	
381.Çekiliş 	18 	20 	26 	32 	36 	43 		1 	5 			2 	4 		25 		175 	
382.Çekiliş 	2 	13 	21 	24 	30 	33 		3 	3 			4 	2 		31 		123 	
383.Çekiliş 	4 	10 	12 	26 	43 	46 		1 	5 			3 	3 		42 		141 	
384.Çekiliş 	1 	4 	22 	32 	34 	40 		1 	5 			3 	3 		39 		133 	
385.Çekiliş 	2 	13 	14 	21 	29 	43 		4 	2 			4 	2 		41 		122 	
386.Çekiliş 	7 	9 	28 	34 	36 	48 		2 	4 			2 	4 		41 		162 	
387.Çekiliş 	2 	22 	38 	42 	45 	48 		1 	5 			2 	4 		46 		197 	
388.Çekiliş 	7 	11 	16 	20 	32 	44 		2 	4 			4 	2 		37 		130 	
389.Çekiliş 	2 	17 	31 	42 	45 	49 		4 	2 			2 	4 		47 		186 	
390.Çekiliş 	5 	17 	26 	34 	35 	36 		3 	3 			2 	4 		31 		153 	
391.Çekiliş 	2 	6 	10 	16 	23 	46 		1 	5 			5 	1 		44 		103 	
392.Çekiliş 	6 	10 	14 	26 	34 	49 		1 	5 			3 	3 		43 		139 	
393.Çekiliş 	4 	15 	22 	23 	42 	49 		3 	3 			4 	2 		45 		155 	
394.Çekiliş 	12 	25 	26 	32 	40 	47 		2 	4 			2 	4 		35 		182 	
395.Çekiliş 	16 	21 	31 	37 	40 	43 		4 	2 			2 	4 		27 		188 	
396.Çekiliş 	6 	21 	37 	38 	39 	41 		4 	2 			2 	4 		35 		182 	
397.Çekiliş 	7 	19 	22 	23 	36 	42 		3 	3 			4 	2 		35 		149 	
398.Çekiliş 	15 	28 	34 	38 	40 	47 		2 	4 			1 	5 		32 		202 	
399.Çekiliş 	2 	21 	22 	25 	27 	34 		3 	3 			4 	2 		32 		131 	
400.Çekiliş 	8 	14 	17 	32 	36 	48 		1 	5 			3 	3 		40 		155 	
401.Çekiliş 	9 	21 	28 	37 	43 	46 		4 	2 			2 	4 		37 		184 	
402.Çekiliş 	19 	24 	30 	35 	45 	49 		4 	2 			2 	4 		30 		202 	
403.Çekiliş 	3 	13 	27 	31 	36 	42 		4 	2 			2 	4 		39 		152 	
404.Çekiliş 	13 	24 	29 	32 	43 	49 		4 	2 			2 	4 		36 		190 	
405.Çekiliş 	5 	6 	14 	16 	24 	37 		2 	4 			5 	1 		32 		102 	
406.Çekiliş 	13 	16 	25 	27 	28 	38 		3 	3 			3 	3 		25 		147 	
407.Çekiliş 	3 	13 	21 	32 	42 	45 		4 	2 			3 	3 		42 		156 	
408.Çekiliş 	12 	17 	25 	26 	38 	47 		3 	3 			3 	3 		35 		165 	
409.Çekiliş 	7 	8 	10 	24 	31 	47 		3 	3 			4 	2 		40 		127 	
410.Çekiliş 	9 	18 	33 	34 	35 	36 		3 	3 			2 	4 		27 		165 	
411.Çekiliş 	2 	8 	14 	31 	32 	40 		1 	5 			3 	3 		38 		127 	
412.Çekiliş 	20 	21 	25 	30 	45 	46 		3 	3 			3 	3 		26 		187 	
413.Çekiliş 	10 	12 	14 	21 	44 	47 		2 	4 			4 	2 		37 		148 	
414.Çekiliş 	1 	3 	5 	15 	28 	47 		5 	1 			4 	2 		46 		99 	
415.Çekiliş 	1 	16 	29 	38 	44 	46 		2 	4 			2 	4 		45 		174 	
416.Çekiliş 	16 	20 	23 	36 	40 	48 		1 	5 			3 	3 		32 		183 	
417.Çekiliş 	11 	18 	24 	25 	36 	39 		3 	3 			4 	2 		28 		153 	
418.Çekiliş 	17 	29 	31 	35 	39 	46 		5 	1 			1 	5 		29 		197 	
419.Çekiliş 	8 	19 	21 	23 	29 	41 		5 	1 			4 	2 		33 		141 	
420.Çekiliş 	21 	28 	29 	30 	38 	45 		3 	3 			1 	5 		24 		191 	
421.Çekiliş 	4 	5 	6 	29 	39 	48 		3 	3 			3 	3 		44 		131 	
422.Çekiliş 	2 	14 	19 	27 	39 	43 		4 	2 			3 	3 		41 		144 	
423.Çekiliş 	6 	12 	16 	20 	35 	40 		1 	5 			4 	2 		34 		129 	
424.Çekiliş 	8 	18 	20 	21 	27 	35 		3 	3 			4 	2 		27 		129 	
425.Çekiliş 	3 	21 	42 	43 	46 	47 		4 	2 			2 	4 		44 		202 	
426.Çekiliş 	2 	18 	21 	32 	37 	48 		2 	4 			3 	3 		46 		158 	
427.Çekiliş 	5 	7 	38 	41 	47 	48 		4 	2 			2 	4 		43 		186 	
428.Çekiliş 	5 	33 	35 	38 	39 	45 		5 	1 			1 	5 		40 		195 	
429.Çekiliş 	21 	27 	34 	47 	48 	49 		4 	2 			1 	5 		28 		226 	
430.Çekiliş 	1 	12 	13 	17 	36 	40 		3 	3 			4 	2 		39 		119 	
431.Çekiliş 	5 	6 	19 	29 	36 	38 		3 	3 			3 	3 		33 		133 	
432.Çekiliş 	8 	17 	31 	41 	42 	46 		3 	3 			2 	4 		38 		185 	
433.Çekiliş 	5 	9 	18 	28 	38 	46 		2 	4 			3 	3 		41 		144 	
434.Çekiliş 	1 	21 	24 	28 	32 	48 		2 	4 			3 	3 		47 		154 	
435.Çekiliş 	5 	8 	36 	46 	48 	49 		2 	4 			2 	4 		44 		192 	
436.Çekiliş 	12 	13 	18 	24 	40 	48 		1 	5 			4 	2 		36 		155 	
437.Çekiliş 	18 	23 	24 	30 	32 	36 		1 	5 			3 	3 		18 		163 	
438.Çekiliş 	3 	11 	16 	22 	25 	45 		4 	2 			5 	1 		42 		122 	
439.Çekiliş 	2 	16 	18 	23 	36 	37 		2 	4 			4 	2 		35 		132 	
440.Çekiliş 	7 	10 	20 	23 	24 	27 		3 	3 			5 	1 		20 		111 	
441.Çekiliş 	6 	8 	18 	26 	31 	46 		1 	5 			3 	3 		40 		135 	
442.Çekiliş 	6 	10 	16 	24 	35 	44 		1 	5 			4 	2 		38 		135 	
443.Çekiliş 	8 	15 	36 	37 	43 	44 		3 	3 			2 	4 		36 		183 	
444.Çekiliş 	11 	12 	25 	30 	31 	41 		4 	2 			3 	3 		30 		150 	
445.Çekiliş 	5 	10 	18 	23 	30 	35 		3 	3 			4 	2 		30 		121 	
446.Çekiliş 	5 	11 	14 	21 	27 	43 		5 	1 			4 	2 		38 		121 	
447.Çekiliş 	7 	11 	29 	31 	42 	47 		5 	1 			2 	4 		40 		167 	
448.Çekiliş 	2 	25 	28 	34 	37 	47 		3 	3 			2 	4 		45 		173 	
449.Çekiliş 	12 	16 	22 	29 	33 	49 		3 	3 			3 	3 		37 		161 	
450.Çekiliş 	5 	6 	8 	23 	30 	34 		2 	4 			4 	2 		29 		106 	
451.Çekiliş 	7 	30 	34 	35 	42 	44 		2 	4 			1 	5 		37 		192 	
452.Çekiliş 	3 	10 	14 	16 	18 	45 		2 	4 			5 	1 		42 		106 	
453.Çekiliş 	4 	12 	19 	27 	40 	49 		3 	3 			3 	3 		45 		151 	
454.Çekiliş 	8 	9 	17 	18 	19 	43 		4 	2 			5 	1 		35 		114 	
455.Çekiliş 	6 	23 	29 	37 	38 	48 		3 	3 			2 	4 		42 		181 	
456.Çekiliş 	10 	14 	28 	34 	36 	40 		0 	6 			2 	4 		30 		162 	
457.Çekiliş 	4 	21 	22 	26 	30 	38 		1 	5 			3 	3 		34 		141 	
458.Çekiliş 	1 	11 	31 	32 	44 	45 		4 	2 			2 	4 		44 		164 	
459.Çekiliş 	5 	33 	37 	40 	41 	45 		5 	1 			1 	5 		40 		201 	
460.Çekiliş 	11 	17 	27 	38 	40 	41 		4 	2 			2 	4 		30 		174 	
461.Çekiliş 	3 	4 	12 	23 	28 	49 		3 	3 			4 	2 		46 		119 	
462.Çekiliş 	6 	12 	18 	26 	41 	48 		1 	5 			3 	3 		42 		151 	
463.Çekiliş 	10 	11 	16 	37 	44 	48 		2 	4 			3 	3 		38 		166 	
464.Çekiliş 	1 	13 	18 	23 	42 	43 		4 	2 			4 	2 		42 		140 	
465.Çekiliş 	16 	19 	26 	32 	42 	43 		2 	4 			2 	4 		27 		178 	
466.Çekiliş 	2 	3 	4 	7 	27 	32 		3 	3 			4 	2 		30 		75 	
467.Çekiliş 	5 	12 	15 	24 	39 	45 		4 	2 			4 	2 		40 		140 	
468.Çekiliş 	6 	11 	20 	38 	42 	47 		2 	4 			3 	3 		41 		164 	
469.Çekiliş 	4 	16 	19 	21 	33 	34 		3 	3 			4 	2 		30 		127 	
470.Çekiliş 	11 	13 	17 	27 	31 	49 		6 	0 			3 	3 		38 		148 	
471.Çekiliş 	3 	4 	16 	23 	39 	40 		3 	3 			4 	2 		37 		125 	
472.Çekiliş 	6 	19 	22 	34 	35 	41 		3 	3 			3 	3 		35 		157 	
473.Çekiliş 	4 	14 	26 	43 	47 	48 		2 	4 			2 	4 		44 		182 	
474.Çekiliş 	3 	4 	6 	12 	18 	25 		2 	4 			6 	0 		22 		68 	
475.Çekiliş 	17 	22 	23 	30 	35 	40 		3 	3 			3 	3 		23 		167 	
476.Çekiliş 	7 	12 	15 	33 	38 	40 		3 	3 			3 	3 		33 		145 	
477.Çekiliş 	2 	9 	19 	37 	38 	41 		4 	2 			3 	3 		39 		146 	
478.Çekiliş 	1 	25 	29 	35 	42 	44 		4 	2 			2 	4 		43 		176 	
479.Çekiliş 	2 	3 	16 	33 	48 	49 		3 	3 			3 	3 		47 		151 	
480.Çekiliş 	20 	35 	38 	46 	47 	49 		3 	3 			1 	5 		29 		235 	
481.Çekiliş 	2 	14 	17 	19 	33 	38 		3 	3 			4 	2 		36 		123 	
482.Çekiliş 	12 	13 	33 	36 	39 	49 		4 	2 			2 	4 		37 		182 	
483.Çekiliş 	4 	8 	18 	40 	41 	47 		2 	4 			3 	3 		43 		158 	
484.Çekiliş 	22 	23 	27 	39 	41 	48 		4 	2 			2 	4 		26 		200 	
485.Çekiliş 	3 	8 	9 	19 	20 	34 		3 	3 			5 	1 		31 		93 	
486.Çekiliş 	1 	20 	38 	44 	45 	47 		3 	3 			2 	4 		46 		195 	
487.Çekiliş 	2 	14 	18 	19 	34 	41 		2 	4 			4 	2 		39 		128 	
488.Çekiliş 	3 	6 	11 	23 	27 	49 		5 	1 			4 	2 		46 		119 	
489.Çekiliş 	2 	11 	17 	26 	31 	46 		3 	3 			3 	3 		44 		133 	
490.Çekiliş 	10 	13 	34 	39 	43 	49 		4 	2 			2 	4 		39 		188 	
491.Çekiliş 	1 	6 	13 	19 	33 	48 		4 	2 			4 	2 		47 		120 	
492.Çekiliş 	5 	11 	15 	33 	41 	47 		6 	0 			3 	3 		42 		152 	
493.Çekiliş 	1 	6 	9 	18 	29 	32 		3 	3 			4 	2 		31 		95 	
494.Çekiliş 	10 	17 	21 	26 	29 	40 		3 	3 			3 	3 		30 		143 	
495.Çekiliş 	13 	17 	18 	28 	41 	47 		4 	2 			3 	3 		34 		164 	
496.Çekiliş 	16 	18 	30 	31 	34 	48 		1 	5 			2 	4 		32 		177 	
497.Çekiliş 	6 	20 	27 	34 	42 	47 		2 	4 			2 	4 		41 		176 	
498.Çekiliş 	5 	9 	21 	37 	47 	48 		5 	1 			3 	3 		43 		167 	
499.Çekiliş 	15 	22 	23 	30 	40 	46 		2 	4 			3 	3 		31 		176 	
500.Çekiliş 	2 	13 	22 	32 	35 	41 		3 	3 			3 	3 		39 		145 	
501.Çekiliş 	5 	7 	36 	39 	47 	48 		4 	2 			2 	4 		43 		182 	
502.Çekiliş 	15 	24 	25 	31 	32 	41 		4 	2 			3 	3 		26 		168 	
503.Çekiliş 	1 	5 	6 	7 	16 	44 		3 	3 			5 	1 		43 		79 	
504.Çekiliş 	1 	15 	17 	18 	27 	35 		5 	1 			4 	2 		34 		113 	
505.Çekiliş 	4 	19 	22 	26 	29 	34 		2 	4 			3 	3 		30 		134 	
506.Çekiliş 	17 	20 	24 	25 	27 	33 		4 	2 			4 	2 		16 		146 	
507.Çekiliş 	13 	33 	36 	44 	46 	49 		3 	3 			1 	5 		36 		221 	
508.Çekiliş 	5 	16 	30 	36 	39 	48 		2 	4 			2 	4 		43 		174 	
509.Çekiliş 	3 	13 	18 	35 	45 	47 		5 	1 			3 	3 		44 		161 	
510.Çekiliş 	8 	17 	21 	27 	28 	49 		4 	2 			3 	3 		41 		150 	
511.Çekiliş 	2 	23 	24 	29 	42 	46 		2 	4 			3 	3 		44 		166 	
512.Çekiliş 	19 	27 	30 	31 	35 	37 		5 	1 			1 	5 		18 		179 	
513.Çekiliş 	7 	19 	21 	22 	26 	34 		3 	3 			4 	2 		27 		129 	
514.Çekiliş 	11 	16 	28 	30 	42 	48 		1 	5 			2 	4 		37 		175 	
515.Çekiliş 	11 	14 	19 	30 	31 	37 		4 	2 			3 	3 		26 		142 	
516.Çekiliş 	11 	14 	28 	34 	40 	45 		2 	4 			2 	4 		34 		172 	
517.Çekiliş 	2 	3 	9 	18 	22 	40 		2 	4 			5 	1 		38 		94 	
518.Çekiliş 	20 	25 	36 	37 	38 	42 		2 	4 			2 	4 		22 		198 	
519.Çekiliş 	1 	8 	14 	21 	23 	36 		3 	3 			5 	1 		35 		103 	
520.Çekiliş 	1 	5 	17 	38 	39 	40 		4 	2 			3 	3 		39 		140 	
521.Çekiliş 	15 	38 	43 	45 	47 	49 		5 	1 			1 	5 		34 		237 	
522.Çekiliş 	8 	12 	31 	36 	38 	48 		1 	5 			2 	4 		40 		173 	
523.Çekiliş 	1 	8 	33 	36 	46 	47 		3 	3 			2 	4 		46 		171 	
524.Çekiliş 	6 	12 	15 	22 	30 	35 		2 	4 			4 	2 		29 		120 	
525.Çekiliş 	3 	22 	30 	35 	42 	49 		3 	3 			2 	4 		46 		181 	
526.Çekiliş 	2 	5 	30 	34 	35 	49 		3 	3 			2 	4 		47 		155 	
527.Çekiliş 	19 	21 	31 	36 	37 	48 		4 	2 			2 	4 		29 		192 	
528.Çekiliş 	8 	9 	11 	16 	25 	46 		3 	3 			5 	1 		38 		115 	
529.Çekiliş 	1 	6 	15 	19 	26 	49 		4 	2 			4 	2 		48 		116 	
530.Çekiliş 	3 	12 	17 	33 	39 	43 		5 	1 			3 	3 		40 		147 	
531.Çekiliş 	14 	23 	25 	33 	38 	46 		3 	3 			3 	3 		32 		179 	
532.Çekiliş 	9 	29 	36 	38 	39 	41 		4 	2 			1 	5 		32 		192 	
533.Çekiliş 	6 	8 	18 	24 	39 	46 		1 	5 			4 	2 		40 		141 	
534.Çekiliş 	10 	12 	14 	24 	26 	31 		1 	5 			4 	2 		21 		117 	
535.Çekiliş 	14 	15 	33 	36 	39 	43 		4 	2 			2 	4 		29 		180 	
536.Çekiliş 	3 	6 	10 	16 	22 	47 		2 	4 			5 	1 		44 		104 	
537.Çekiliş 	11 	13 	16 	17 	33 	46 		4 	2 			4 	2 		35 		136 	
538.Çekiliş 	3 	8 	13 	18 	30 	41 		3 	3 			4 	2 		38 		113 	
539.Çekiliş 	1 	17 	29 	33 	45 	48 		5 	1 			2 	4 		47 		173 	
540.Çekiliş 	5 	22 	23 	28 	34 	37 		3 	3 			3 	3 		32 		149 	
541.Çekiliş 	1 	2 	4 	12 	14 	25 		2 	4 			6 	0 		24 		58 	
542.Çekiliş 	2 	3 	4 	31 	37 	49 		4 	2 			3 	3 		47 		126 	
543.Çekiliş 	23 	27 	33 	39 	40 	41 		5 	1 			1 	5 		18 		203 	
544.Çekiliş 	12 	18 	29 	39 	44 	49 		3 	3 			2 	4 		37 		191 	
545.Çekiliş 	4 	17 	21 	39 	40 	49 		4 	2 			3 	3 		45 		170 	
546.Çekiliş 	11 	16 	23 	36 	41 	44 		3 	3 			3 	3 		33 		171 	
547.Çekiliş 	2 	9 	25 	26 	35 	37 		4 	2 			3 	3 		35 		134 	
548.Çekiliş 	2 	5 	6 	18 	22 	30 		1 	5 			5 	1 		28 		83 	
549.Çekiliş 	2 	5 	17 	22 	24 	45 		3 	3 			5 	1 		43 		115 	
550.Çekiliş 	18 	20 	28 	36 	45 	47 		2 	4 			2 	4 		29 		194 	
551.Çekiliş 	7 	15 	25 	32 	35 	48 		4 	2 			3 	3 		41 		162 	
552.Çekiliş 	8 	17 	26 	31 	37 	45 		4 	2 			2 	4 		37 		164 	
553.Çekiliş 	7 	13 	23 	32 	36 	49 		4 	2 			3 	3 		42 		160 	
554.Çekiliş 	5 	9 	13 	18 	32 	34 		3 	3 			4 	2 		29 		111 	
555.Çekiliş 	8 	12 	18 	22 	27 	37 		2 	4 			4 	2 		29 		124 	
556.Çekiliş 	6 	17 	20 	23 	37 	47 		4 	2 			4 	2 		41 		150 	
557.Çekiliş 	2 	9 	23 	27 	40 	47 		4 	2 			3 	3 		45 		148 	
558.Çekiliş 	3 	13 	23 	31 	34 	46 		4 	2 			3 	3 		43 		150 	
559.Çekiliş 	1 	13 	21 	27 	32 	33 		5 	1 			3 	3 		32 		127 	
560.Çekiliş 	19 	23 	25 	29 	31 	33 		6 	0 			3 	3 		14 		160 	
561.Çekiliş 	16 	17 	18 	26 	31 	34 		2 	4 			3 	3 		18 		142 	
562.Çekiliş 	11 	20 	24 	26 	34 	41 		2 	4 			3 	3 		30 		156 	
563.Çekiliş 	7 	15 	16 	21 	22 	31 		4 	2 			5 	1 		24 		112 	
564.Çekiliş 	6 	12 	18 	19 	30 	43 		2 	4 			4 	2 		37 		128 	
565.Çekiliş 	1 	5 	14 	15 	17 	18 		4 	2 			6 	0 		17 		70 	
566.Çekiliş 	13 	14 	17 	29 	30 	37 		4 	2 			3 	3 		24 		140 	
567.Çekiliş 	1 	5 	19 	20 	24 	49 		4 	2 			5 	1 		48 		118 	
568.Çekiliş 	1 	18 	24 	38 	40 	41 		2 	4 			3 	3 		40 		162 	
569.Çekiliş 	17 	19 	21 	26 	39 	44 		4 	2 			3 	3 		27 		166 	
570.Çekiliş 	2 	5 	13 	14 	18 	42 		2 	4 			5 	1 		40 		94 	
571.Çekiliş 	12 	17 	18 	21 	32 	44 		2 	4 			4 	2 		32 		144 	
572.Çekiliş 	3 	4 	5 	15 	16 	45 		4 	2 			5 	1 		42 		88 	
573.Çekiliş 	12 	26 	29 	38 	41 	48 		2 	4 			1 	5 		36 		194 	
574.Çekiliş 	5 	8 	9 	15 	21 	33 		5 	1 			5 	1 		28 		91 	
575.Çekiliş 	9 	21 	26 	32 	43 	49 		4 	2 			2 	4 		40 		180 	
576.Çekiliş 	13 	15 	27 	28 	30 	31 		4 	2 			2 	4 		18 		144 	
577.Çekiliş 	6 	8 	24 	36 	37 	39 		2 	4 			3 	3 		33 		150 	
578.Çekiliş 	8 	12 	17 	33 	35 	42 		3 	3 			3 	3 		34 		147 	
579.Çekiliş 	23 	26 	31 	35 	37 	44 		4 	2 			1 	5 		21 		196 	
580.Çekiliş 	2 	18 	27 	38 	43 	47 		3 	3 			2 	4 		45 		175 	
581.Çekiliş 	8 	14 	18 	23 	24 	27 		2 	4 			5 	1 		19 		114 	
582.Çekiliş 	4 	7 	12 	37 	40 	41 		3 	3 			3 	3 		37 		141 	
583.Çekiliş 	5 	11 	16 	29 	38 	48 		3 	3 			3 	3 		43 		147 	
584.Çekiliş 	6 	7 	21 	28 	29 	37 		4 	2 			3 	3 		31 		128 	
585.Çekiliş 	12 	13 	18 	32 	41 	49 		3 	3 			3 	3 		37 		165 	
586.Çekiliş 	7 	12 	17 	21 	26 	36 		3 	3 			4 	2 		29 		119 	
587.Çekiliş 	3 	14 	36 	38 	41 	47 		3 	3 			2 	4 		44 		179 	
588.Çekiliş 	2 	4 	9 	27 	37 	47 		4 	2 			3 	3 		45 		126 	
589.Çekiliş 	3 	11 	19 	21 	29 	47 		6 	0 			4 	2 		44 		130 	
590.Çekiliş 	1 	7 	24 	38 	42 	44 		2 	4 			3 	3 		43 		156 	
591.Çekiliş 	2 	13 	15 	27 	40 	46 		3 	3 			3 	3 		44 		143 	
592.Çekiliş 	6 	27 	32 	41 	45 	46 		3 	3 			1 	5 		40 		197 	
593.Çekiliş 	2 	10 	19 	21 	26 	47 		3 	3 			4 	2 		45 		125 	
594.Çekiliş 	1 	5 	6 	8 	13 	21 		4 	2 			6 	0 		20 		54 	
595.Çekiliş 	3 	9 	18 	40 	41 	47 		4 	2 			3 	3 		44 		158 	
596.Çekiliş 	4 	10 	11 	14 	36 	42 		1 	5 			4 	2 		38 		117 	
597.Çekiliş 	4 	7 	20 	35 	44 	47 		3 	3 			3 	3 		43 		157 	
598.Çekiliş 	1 	5 	9 	12 	20 	29 		4 	2 			5 	1 		28 		76 	
599.Çekiliş 	5 	7 	30 	34 	38 	42 		2 	4 			2 	4 		37 		156 	
600.Çekiliş 	1 	6 	11 	21 	22 	34 		3 	3 			5 	1 		33 		95 	
601.Çekiliş 	8 	15 	22 	24 	36 	46 		1 	5 			4 	2 		38 		151 	
602.Çekiliş 	6 	19 	27 	29 	32 	39 		4 	2 			2 	4 		33 		152 	
603.Çekiliş 	1 	13 	20 	27 	41 	43 		5 	1 			3 	3 		42 		145 	
604.Çekiliş 	5 	6 	10 	15 	29 	41 		4 	2 			4 	2 		36 		106 	
605.Çekiliş 	2 	8 	9 	24 	43 	49 		3 	3 			4 	2 		47 		135 	
606.Çekiliş 	3 	8 	17 	34 	35 	40 		3 	3 			3 	3 		37 		137 	
607.Çekiliş 	4 	21 	23 	32 	43 	46 		3 	3 			3 	3 		42 		169 	
608.Çekiliş 	11 	18 	24 	25 	33 	38 		3 	3 			4 	2 		27 		149 	
609.Çekiliş 	1 	7 	12 	14 	35 	48 		3 	3 			4 	2 		47 		117 	
610.Çekiliş 	2 	15 	22 	24 	36 	37 		2 	4 			4 	2 		35 		136 	
611.Çekiliş 	2 	18 	26 	29 	35 	46 		2 	4 			2 	4 		44 		156 	
612.Çekiliş 	5 	15 	32 	35 	41 	45 		5 	1 			2 	4 		40 		173 	
613.Çekiliş 	8 	12 	23 	26 	39 	42 		2 	4 			3 	3 		34 		150 	
614.Çekiliş 	17 	21 	26 	32 	40 	45 		3 	3 			2 	4 		28 		181 	
615.Çekiliş 	6 	9 	32 	34 	38 	40 		1 	5 			2 	4 		34 		159 	
616.Çekiliş 	4 	13 	21 	29 	30 	35 		4 	2 			3 	3 		31 		132 	
617.Çekiliş 	20 	21 	37 	38 	39 	48 		3 	3 			2 	4 		28 		203 	
618.Çekiliş 	1 	3 	5 	9 	19 	34 		5 	1 			5 	1 		33 		71 	
619.Çekiliş 	18 	20 	29 	32 	39 	48 		2 	4 			2 	4 		30 		186 	
620.Çekiliş 	1 	8 	10 	16 	25 	41 		3 	3 			5 	1 		40 		101 	
621.Çekiliş 	1 	3 	14 	36 	39 	42 		3 	3 			3 	3 		41 		135 	
622.Çekiliş 	3 	6 	22 	25 	35 	40 		3 	3 			4 	2 		37 		131 	
623.Çekiliş 	3 	11 	15 	25 	28 	37 		5 	1 			4 	2 		34 		119 	
624.Çekiliş 	7 	8 	16 	17 	47 	48 		3 	3 			4 	2 		41 		143 	
625.Çekiliş 	3 	7 	19 	26 	32 	40 		3 	3 			3 	3 		37 		127 	
626.Çekiliş 	9 	16 	22 	31 	40 	46 		2 	4 			3 	3 		37 		164 	
627.Çekiliş 	3 	6 	7 	15 	24 	44 		3 	3 			5 	1 		41 		99 	
628.Çekiliş 	3 	10 	26 	28 	39 	47 		3 	3 			2 	4 		44 		153 	
629.Çekiliş 	5 	8 	19 	22 	23 	31 		4 	2 			5 	1 		26 		108 	
630.Çekiliş 	4 	9 	22 	26 	31 	42 		2 	4 			3 	3 		38 		134 	
631.Çekiliş 	5 	6 	16 	27 	34 	45 		3 	3 			3 	3 		40 		133 	
632.Çekiliş 	5 	14 	22 	28 	35 	43 		3 	3 			3 	3 		38 		147 	
633.Çekiliş 	7 	11 	16 	20 	26 	32 		2 	4 			4 	2 		25 		112 	
634.Çekiliş 	10 	30 	34 	35 	39 	44 		2 	4 			1 	5 		34 		192 	
635.Çekiliş 	1 	7 	25 	34 	39 	47 		5 	1 			3 	3 		46 		153 	
636.Çekiliş 	16 	20 	24 	36 	41 	42 		1 	5 			3 	3 		26 		179 	
637.Çekiliş 	3 	22 	26 	39 	43 	46 		3 	3 			2 	4 		43 		179 	
638.Çekiliş 	4 	5 	8 	16 	31 	33 		3 	3 			4 	2 		29 		97 	
639.Çekiliş 	8 	11 	16 	28 	42 	44 		1 	5 			3 	3 		36 		149 	
640.Çekiliş 	1 	12 	23 	26 	39 	47 		4 	2 			3 	3 		46 		148 	
641.Çekiliş 	16 	27 	36 	38 	43 	48 		2 	4 			1 	5 		32 		208 	
642.Çekiliş 	1 	9 	13 	20 	22 	46 		3 	3 			5 	1 		45 		111 	
643.Çekiliş 	15 	18 	27 	30 	35 	39 		4 	2 			2 	4 		24 		164 	
644.Çekiliş 	5 	12 	20 	25 	34 	44 		2 	4 			4 	2 		39 		140 	
645.Çekiliş 	6 	10 	19 	35 	36 	47 		3 	3 			3 	3 		41 		153 	
646.Çekiliş 	16 	17 	20 	30 	37 	49 		3 	3 			3 	3 		33 		169 	
647.Çekiliş 	14 	25 	28 	32 	42 	46 		1 	5 			2 	4 		32 		187 	
648.Çekiliş 	7 	17 	27 	30 	35 	46 		4 	2 			2 	4 		39 		162 	
649.Çekiliş 	1 	3 	7 	10 	19 	20 		4 	2 			6 	0 		19 		60 	
650.Çekiliş 	3 	12 	18 	19 	40 	41 		3 	3 			4 	2 		38 		133 	
651.Çekiliş 	1 	14 	22 	23 	29 	42 		3 	3 			4 	2 		41 		131 	
652.Çekiliş 	3 	4 	8 	39 	40 	42 		2 	4 			3 	3 		39 		136 	
653.Çekiliş 	5 	8 	20 	23 	25 	36 		3 	3 			5 	1 		31 		117 	
654.Çekiliş 	3 	11 	15 	25 	33 	35 		6 	0 			4 	2 		32 		122 	
655.Çekiliş 	10 	18 	32 	37 	38 	48 		1 	5 			2 	4 		38 		183 	
656.Çekiliş 	4 	7 	9 	23 	39 	47 		5 	1 			4 	2 		43 		129 	
657.Çekiliş 	14 	15 	24 	34 	36 	40 		1 	5 			3 	3 		26 		163 	
658.Çekiliş 	4 	7 	23 	31 	34 	44 		3 	3 			3 	3 		40 		143 	
659.Çekiliş 	6 	9 	33 	39 	41 	46 		4 	2 			2 	4 		40 		174 	
660.Çekiliş 	9 	24 	26 	32 	41 	49 		3 	3 			2 	4 		40 		181 	
661.Çekiliş 	14 	17 	18 	20 	26 	34 		1 	5 			4 	2 		20 		129 	
662.Çekiliş 	2 	14 	30 	31 	35 	41 		3 	3 			2 	4 		39 		153 	
663.Çekiliş 	9 	17 	18 	34 	35 	36 		3 	3 			3 	3 		27 		149 	
664.Çekiliş 	1 	5 	9 	23 	47 	49 		6 	0 			4 	2 		48 		134 	
665.Çekiliş 	11 	17 	18 	23 	26 	41 		4 	2 			4 	2 		30 		136 	
666.Çekiliş 	24 	32 	35 	36 	37 	42 		2 	4 			1 	5 		18 		206 	
667.Çekiliş 	4 	15 	20 	21 	23 	36 		3 	3 			5 	1 		32 		119 	
668.Çekiliş 	23 	26 	39 	40 	47 	48 		3 	3 			1 	5 		25 		223 	
669.Çekiliş 	9 	11 	18 	27 	36 	41 		4 	2 			3 	3 		32 		142 	
670.Çekiliş 	11 	15 	21 	28 	32 	49 		4 	2 			3 	3 		38 		156 	
671.Çekiliş 	4 	14 	15 	18 	22 	46 		1 	5 			5 	1 		42 		119 	
672.Çekiliş 	1 	6 	19 	22 	24 	44 		2 	4 			5 	1 		43 		116 	
673.Çekiliş 	17 	21 	22 	28 	34 	45 		3 	3 			3 	3 		28 		167 	
674.Çekiliş 	9 	28 	40 	41 	44 	49 		3 	3 			1 	5 		40 		211 	
675.Çekiliş 	7 	10 	14 	37 	41 	44 		3 	3 			3 	3 		37 		153 	
676.Çekiliş 	1 	3 	9 	10 	22 	48 		3 	3 			5 	1 		47 		93 	
677.Çekiliş 	2 	3 	9 	15 	31 	38 		4 	2 			4 	2 		36 		98 	
678.Çekiliş 	23 	26 	27 	39 	46 	49 		4 	2 			1 	5 		26 		210 	
679.Çekiliş 	1 	3 	7 	32 	38 	41 		4 	2 			3 	3 		40 		122 	
680.Çekiliş 	10 	16 	18 	20 	38 	41 		1 	5 			4 	2 		31 		143 	
681.Çekiliş 	9 	27 	32 	33 	36 	47 		4 	2 			1 	5 		38 		184 	
682.Çekiliş 	3 	10 	14 	28 	34 	49 		2 	4 			3 	3 		46 		138 	
683.Çekiliş 	15 	23 	25 	45 	47 	49 		6 	0 			3 	3 		34 		204 	
684.Çekiliş 	15 	20 	26 	28 	37 	39 		3 	3 			2 	4 		24 		165 	
685.Çekiliş 	9 	12 	23 	29 	39 	47 		5 	1 			3 	3 		38 		159 	
686.Çekiliş 	3 	14 	20 	22 	33 	45 		3 	3 			4 	2 		42 		137 	
687.Çekiliş 	2 	11 	33 	40 	44 	45 		3 	3 			2 	4 		43 		175 	
688.Çekiliş 	7 	16 	17 	29 	41 	48 		4 	2 			3 	3 		41 		158 	
689.Çekiliş 	13 	39 	40 	44 	47 	49 		4 	2 			1 	5 		36 		232 	
690.Çekiliş 	9 	10 	20 	41 	43 	47 		4 	2 			3 	3 		38 		170 	
691.Çekiliş 	6 	12 	15 	17 	36 	41 		3 	3 			4 	2 		35 		127 	
692.Çekiliş 	1 	3 	22 	23 	34 	35 		4 	2 			4 	2 		34 		118 	
693.Çekiliş 	9 	10 	30 	31 	40 	43 		3 	3 			2 	4 		34 		163 	
694.Çekiliş 	1 	8 	10 	19 	36 	37 		3 	3 			4 	2 		36 		111 	
695.Çekiliş 	4 	9 	17 	28 	30 	47 		3 	3 			3 	3 		43 		135 	
696.Çekiliş 	3 	5 	14 	16 	37 	40 		3 	3 			4 	2 		37 		115 	
697.Çekiliş 	7 	10 	11 	19 	38 	41 		4 	2 			4 	2 		34 		126 	
698.Çekiliş 	9 	10 	25 	33 	41 	47 		5 	1 			3 	3 		38 		165 	
699.Çekiliş 	14 	18 	23 	32 	36 	42 		1 	5 			3 	3 		28 		165 	
700.Çekiliş 	1 	4 	5 	19 	28 	31 		4 	2 			4 	2 		30 		88 	
701.Çekiliş 	7 	12 	17 	24 	28 	30 		2 	4 			4 	2 		23 		118 	
702.Çekiliş 	4 	12 	17 	19 	47 	48 		3 	3 			4 	2 		44 		147 	
703.Çekiliş 	2 	19 	29 	33 	41 	44 		4 	2 			2 	4 		42 		168 	
704.Çekiliş 	10 	13 	19 	32 	39 	49 		4 	2 			3 	3 		39 		162 	
705.Çekiliş 	6 	8 	20 	21 	29 	44 		2 	4 			4 	2 		38 		128 	
706.Çekiliş 	1 	4 	6 	16 	17 	26 		2 	4 			5 	1 		25 		70 	
707.Çekiliş 	3 	5 	7 	12 	18 	31 		4 	2 			5 	1 		28 		76 	
708.Çekiliş 	13 	18 	21 	25 	26 	41 		4 	2 			4 	2 		28 		144 	
709.Çekiliş 	13 	14 	19 	24 	45 	49 		4 	2 			4 	2 		36 		164 	
710.Çekiliş 	4 	7 	9 	22 	27 	42 		3 	3 			4 	2 		38 		111 	
711.Çekiliş 	1 	23 	29 	30 	38 	40 		3 	3 			2 	4 		39 		161 	
712.Çekiliş 	2 	9 	15 	18 	36 	45 		3 	3 			4 	2 		43 		125 	
713.Çekiliş 	12 	19 	32 	39 	41 	46 		3 	3 			2 	4 		34 		189 	
714.Çekiliş 	1 	8 	11 	21 	24 	45 		4 	2 			5 	1 		44 		110 	
715.Çekiliş 	5 	11 	21 	24 	29 	44 		4 	2 			4 	2 		39 		134 	
716.Çekiliş 	21 	31 	32 	41 	43 	48 		4 	2 			1 	5 		27 		216 	
717.Çekiliş 	1 	10 	27 	31 	34 	42 		3 	3 			2 	4 		41 		145 	
718.Çekiliş 	8 	9 	19 	29 	37 	44 		4 	2 			3 	3 		36 		146 	
719.Çekiliş 	3 	5 	9 	34 	36 	44 		3 	3 			3 	3 		41 		131 	
720.Çekiliş 	1 	5 	14 	15 	24 	43 		4 	2 			5 	1 		42 		102 	
721.Çekiliş 	17 	20 	22 	31 	34 	48 		2 	4 			3 	3 		31 		172 	
722.Çekiliş 	25 	29 	34 	36 	41 	43 		4 	2 			1 	5 		18 		208 	
723.Çekiliş 	7 	13 	17 	28 	33 	35 		5 	1 			3 	3 		28 		133 	
724.Çekiliş 	9 	13 	15 	19 	26 	39 		5 	1 			4 	2 		30 		121 	
725.Çekiliş 	5 	8 	11 	13 	21 	32 		4 	2 			5 	1 		27 		90 	
726.Çekiliş 	15 	19 	33 	37 	48 	49 		5 	1 			2 	4 		34 		201 	
727.Çekiliş 	3 	27 	31 	43 	48 	49 		5 	1 			1 	5 		46 		201 	
728.Çekiliş 	19 	22 	25 	27 	28 	38 		3 	3 			3 	3 		19 		159 	
729.Çekiliş 	9 	15 	25 	26 	39 	49 		5 	1 			3 	3 		40 		163 	
730.Çekiliş 	2 	13 	28 	30 	39 	49 		3 	3 			2 	4 		47 		161 	
731.Çekiliş 	1 	13 	19 	24 	34 	42 		3 	3 			4 	2 		41 		133 	
732.Çekiliş 	9 	15 	20 	24 	38 	42 		2 	4 			4 	2 		33 		148 	
733.Çekiliş 	7 	10 	11 	15 	16 	20 		3 	3 			6 	0 		13 		79 	
734.Çekiliş 	4 	7 	12 	19 	22 	24 		2 	4 			6 	0 		20 		88 	
735.Çekiliş 	11 	14 	24 	43 	44 	49 		3 	3 			3 	3 		38 		185 	
736.Çekiliş 	3 	19 	20 	23 	29 	38 		4 	2 			4 	2 		35 		132 	
737.Çekiliş 	8 	10 	11 	16 	26 	48 		1 	5 			4 	2 		40 		119 	
738.Çekiliş 	15 	16 	30 	36 	42 	49 		2 	4 			2 	4 		34 		188 	
739.Çekiliş 	3 	4 	11 	20 	31 	34 		3 	3 			4 	2 		31 		103 	
740.Çekiliş 	1 	9 	17 	28 	34 	37 		4 	2 			3 	3 		36 		126 	
741.Çekiliş 	13 	22 	23 	29 	36 	44 		3 	3 			3 	3 		31 		167 	
742.Çekiliş 	6 	12 	29 	42 	46 	49 		2 	4 			2 	4 		43 		184 	
743.Çekiliş 	9 	11 	25 	30 	37 	39 		5 	1 			3 	3 		30 		151 	
744.Çekiliş 	5 	7 	11 	38 	39 	49 		5 	1 			3 	3 		44 		149 	
745.Çekiliş 	3 	23 	38 	44 	46 	47 		3 	3 			2 	4 		44 		201 	
746.Çekiliş 	6 	14 	19 	21 	32 	35 		3 	3 			4 	2 		29 		127 	
747.Çekiliş 	1 	11 	21 	26 	28 	46 		3 	3 			3 	3 		45 		133 	
748.Çekiliş 	6 	11 	22 	24 	31 	32 		2 	4 			4 	2 		26 		126 	
749.Çekiliş 	3 	7 	9 	39 	41 	44 		5 	1 			3 	3 		41 		143 	
750.Çekiliş 	7 	8 	13 	18 	24 	26 		2 	4 			5 	1 		19 		96 	
751.Çekiliş 	4 	10 	24 	40 	42 	44 		0 	6 			3 	3 		40 		164 	
752.Çekiliş 	2 	6 	9 	14 	15 	23 		3 	3 			6 	0 		21 		69 	
753.Çekiliş 	8 	14 	21 	30 	32 	37 		2 	4 			3 	3 		29 		142 	
754.Çekiliş 	2 	13 	19 	26 	28 	46 		2 	4 			3 	3 		44 		134 	
755.Çekiliş 	8 	11 	12 	13 	24 	36 		2 	4 			5 	1 		28 		104 	
756.Çekiliş 	13 	22 	31 	39 	44 	45 		4 	2 			2 	4 		32 		194 	
757.Çekiliş 	9 	20 	28 	35 	36 	42 		2 	4 			2 	4 		33 		170 	
758.Çekiliş 	8 	9 	15 	18 	44 	47 		3 	3 			4 	2 		39 		141 	
759.Çekiliş 	5 	6 	23 	37 	47 	48 		4 	2 			3 	3 		43 		166 	
760.Çekiliş 	4 	9 	30 	35 	38 	40 		2 	4 			2 	4 		36 		156 	
761.Çekiliş 	15 	18 	21 	27 	37 	44 		4 	2 			3 	3 		29 		162 	
762.Çekiliş 	12 	21 	22 	30 	39 	49 		3 	3 			3 	3 		37 		173 	
763.Çekiliş 	3 	7 	18 	21 	26 	47 		4 	2 			4 	2 		44 		122 	
764.Çekiliş 	5 	8 	9 	19 	31 	47 		5 	1 			4 	2 		42 		119 	
765.Çekiliş 	2 	3 	14 	22 	24 	38 		1 	5 			5 	1 		36 		103 	
766.Çekiliş 	11 	16 	33 	40 	41 	44 		3 	3 			2 	4 		33 		185 	
767.Çekiliş 	10 	13 	16 	26 	36 	48 		1 	5 			3 	3 		38 		149 	
768.Çekiliş 	2 	10 	24 	29 	46 	48 		1 	5 			3 	3 		46 		159 	
769.Çekiliş 	5 	7 	10 	21 	31 	34 		4 	2 			4 	2 		29 		108 	
770.Çekiliş 	2 	15 	31 	32 	41 	42 		3 	3 			2 	4 		40 		163 	
771.Çekiliş 	14 	17 	20 	26 	29 	31 		3 	3 			3 	3 		17 		137 	
772.Çekiliş 	10 	12 	19 	23 	26 	27 		3 	3 			4 	2 		17 		117 	
773.Çekiliş 	6 	7 	15 	32 	44 	47 		3 	3 			3 	3 		41 		151 	
774.Çekiliş 	12 	22 	28 	34 	35 	46 		1 	5 			2 	4 		34 		177 	
775.Çekiliş 	2 	13 	18 	21 	33 	38 		3 	3 			4 	2 		36 		125 	
776.Çekiliş 	4 	16 	22 	30 	43 	45 		2 	4 			3 	3 		41 		160 	
777.Çekiliş 	5 	7 	8 	11 	26 	46 		3 	3 			4 	2 		41 		103 	
778.Çekiliş 	7 	20 	35 	37 	44 	46 		3 	3 			2 	4 		39 		189 	
779.Çekiliş 	1 	18 	23 	25 	30 	42 		3 	3 			4 	2 		41 		139 	
780.Çekiliş 	7 	12 	19 	28 	45 	47 		4 	2 			3 	3 		40 		158 	
781.Çekiliş 	6 	8 	10 	35 	39 	45 		3 	3 			3 	3 		39 		143 	
782.Çekiliş 	5 	9 	12 	18 	28 	29 		3 	3 			4 	2 		24 		101 	
783.Çekiliş 	11 	18 	29 	32 	41 	44 		3 	3 			2 	4 		33 		175 	
784.Çekiliş 	4 	9 	14 	22 	37 	41 		3 	3 			4 	2 		37 		127 	
785.Çekiliş 	3 	17 	20 	37 	42 	46 		3 	3 			3 	3 		43 		165 	
786.Çekiliş 	2 	10 	11 	35 	42 	44 		2 	4 			3 	3 		42 		144 	
787.Çekiliş 	8 	13 	29 	34 	35 	38 		3 	3 			2 	4 		30 		157 	
788.Çekiliş 	2 	6 	30 	32 	40 	43 		1 	5 			2 	4 		41 		153 	
789.Çekiliş 	21 	23 	26 	31 	39 	47 		5 	1 			2 	4 		26 		187 	
790.Çekiliş 	5 	15 	23 	24 	33 	43 		5 	1 			4 	2 		38 		143 	
791.Çekiliş 	23 	27 	29 	30 	37 	42 		4 	2 			1 	5 		19 		188 	
792.Çekiliş 	17 	18 	27 	37 	38 	42 		3 	3 			2 	4 		25 		179 	
793.Çekiliş 	7 	10 	17 	20 	28 	36 		2 	4 			4 	2 		29 		118 	
794.Çekiliş 	2 	7 	21 	25 	36 	45 		4 	2 			4 	2 		43 		136 	
795.Çekiliş 	15 	25 	32 	37 	42 	46 		3 	3 			2 	4 		31 		197 	
796.Çekiliş 	12 	19 	24 	31 	41 	47 		4 	2 			3 	3 		35 		174 	
797.Çekiliş 	1 	3 	25 	39 	47 	49 		6 	0 			3 	3 		48 		164 	
798.Çekiliş 	3 	10 	13 	35 	41 	47 		5 	1 			3 	3 		44 		149 	
799.Çekiliş 	6 	18 	28 	36 	40 	46 		0 	6 			2 	4 		40 		174 	
800.Çekiliş 	4 	10 	29 	36 	42 	49 		2 	4 			2 	4 		45 		170 	
786.Çekiliş 	2 	10 	11 	35 	42 	44 		2 	4 			3 	3 		42 		144 	
787.Çekiliş 	8 	13 	29 	34 	35 	38 		3 	3 			2 	4 		30 		157 	
788.Çekiliş 	2 	6 	30 	32 	40 	43 		1 	5 			2 	4 		41 		153 	
789.Çekiliş 	21 	23 	26 	31 	39 	47 		5 	1 			2 	4 		26 		187 	
790.Çekiliş 	5 	15 	23 	24 	33 	43 		5 	1 			4 	2 		38 		143 	
791.Çekiliş 	23 	27 	29 	30 	37 	42 		4 	2 			1 	5 		19 		188 	
792.Çekiliş 	17 	18 	27 	37 	38 	42 		3 	3 			2 	4 		25 		179 	
793.Çekiliş 	7 	10 	17 	20 	28 	36 		2 	4 			4 	2 		29 		118 	
794.Çekiliş 	2 	7 	21 	25 	36 	45 		4 	2 			4 	2 		43 		136 	
795.Çekiliş 	15 	25 	32 	37 	42 	46 		3 	3 			2 	4 		31 		197 	
796.Çekiliş 	12 	19 	24 	31 	41 	47 		4 	2 			3 	3 		35 		174 	
797.Çekiliş 	1 	3 	25 	39 	47 	49 		6 	0 			3 	3 		48 		164 	
798.Çekiliş 	3 	10 	13 	35 	41 	47 		5 	1 			3 	3 		44 		149 	
799.Çekiliş 	6 	18 	28 	36 	40 	46 		0 	6 			2 	4 		40 		174 	
800.Çekiliş 	4 	10 	29 	36 	42 	49 		2 	4 			2 	4 		45 		170 	
801.Çekiliş 	2 	18 	20 	34 	39 	40 		1 	5 			3 	3 		38 		153 	
802.Çekiliş 	2 	9 	11 	19 	23 	46 		4 	2 			5 	1 		44 		110 	
803.Çekiliş 	2 	5 	9 	30 	33 	48 		3 	3 			3 	3 		46 		127 	
804.Çekiliş 	9 	19 	21 	30 	32 	39 		4 	2 			3 	3 		30 		150 	
805.Çekiliş 	17 	21 	33 	37 	44 	47 		5 	1 			2 	4 		30 		199 	
806.Çekiliş 	2 	9 	14 	22 	32 	38 		1 	5 			4 	2 		36 		117 	
807.Çekiliş 	1 	13 	22 	40 	42 	49 		3 	3 			3 	3 		48 		167 	
808.Çekiliş 	29 	32 	42 	46 	47 	48 		2 	4 			0 	6 		19 		244 	
809.Çekiliş 	1 	2 	10 	14 	28 	41 		2 	4 			4 	2 		40 		96 	
810.Çekiliş 	12 	17 	18 	20 	36 	45 		2 	4 			4 	2 		33 		148 	
811.Çekiliş 	5 	11 	29 	33 	36 	48 		4 	2 			2 	4 		43 		162 	
812.Çekiliş 	5 	8 	10 	16 	17 	45 		3 	3 			5 	1 		40 		101 	
813.Çekiliş 	18 	20 	21 	27 	29 	38 		3 	3 			3 	3 		20 		153 	
814.Çekiliş 	1 	9 	17 	20 	27 	35 		5 	1 			4 	2 		34 		109 	
815.Çekiliş 	5 	12 	13 	24 	28 	45 		3 	3 			4 	2 		40 		127 	
816.Çekiliş 	8 	17 	26 	31 	32 	40 		2 	4 			2 	4 		32 		154 	
817.Çekiliş 	6 	11 	16 	29 	34 	45 		3 	3 			3 	3 		39 		141 	
818.Çekiliş 	2 	13 	17 	23 	25 	28 		4 	2 			5 	1 		26 		108 	
819.Çekiliş 	20 	25 	26 	33 	38 	39 		3 	3 			2 	4 		19 		181 	
820.Çekiliş 	4 	27 	30 	32 	36 	43 		2 	4 			1 	5 		39 		172 	
821.Çekiliş 	11 	14 	20 	29 	34 	40 		2 	4 			3 	3 		29 		148 	
822.Çekiliş 	10 	19 	25 	34 	44 	46 		2 	4 			3 	3 		36 		178 	
823.Çekiliş 	1 	3 	13 	47 	48 	49 		5 	1 			3 	3 		48 		161 	
824.Çekiliş 	7 	18 	25 	32 	40 	42 		2 	4 			3 	3 		35 		164 	
825.Çekiliş 	2 	8 	25 	27 	30 	47 		3 	3 			3 	3 		45 		139 	
826.Çekiliş 	15 	19 	31 	34 	42 	46 		3 	3 			2 	4 		31 		187 	
827.Çekiliş 	8 	13 	22 	37 	45 	47 		4 	2 			3 	3 		39 		172 	
828.Çekiliş 	2 	8 	21 	34 	42 	44 		1 	5 			3 	3 		42 		151 	
829.Çekiliş 	9 	11 	21 	22 	40 	44 		3 	3 			4 	2 		35 		147 	
830.Çekiliş 	4 	11 	14 	27 	31 	47 		4 	2 			3 	3 		43 		134 	
831.Çekiliş 	4 	6 	9 	29 	33 	36 		3 	3 			3 	3 		32 		117 	
832.Çekiliş 	4 	13 	17 	36 	44 	46 		2 	4 			3 	3 		42 		160 	
833.Çekiliş 	12 	14 	28 	30 	32 	44 		0 	6 			2 	4 		32 		160 	
834.Çekiliş 	1 	18 	20 	21 	24 	42 		2 	4 			5 	1 		41 		126 	
835.Çekiliş 	2 	25 	28 	29 	40 	44 		2 	4 			2 	4 		42 		168 	
